>>> out['fluxes']
Fluxes(Fq=0.00015241161706717351, Fqt=0.00013364946334676775,
Fqe=1.8762153720405756e-05, Fc=-5.4789485205840868e-07,
Fcp=-1.1800714669476151e-06, Fcr=6.3217661488920644e-07,
LE=370.90636539121556, LEt=325.24710150269004, LEe=45.659263888525494,
Fq_mol=0.0084597922439594523, Fqt_mol=0.007418376073865883,
Fqe_mol=0.00104141617009357, Fc_mol=-1.2449326336251051e-05,
Fcp_mol=-2.6813712041527271e-05, Fcr_mol=1.436438570527622e-05)
