>>> out['fluxes']
Fluxes(Fq=0.00015241161706717351, Fqt=0.0001336494633469274,
Fqe=1.8762153720246111e-05, Fc=-5.4789485205840868e-07,
Fcp=-1.1800714669490248e-06, Fcr=6.3217661489061611e-07,
LE=370.90636539121556, LEt=325.24710150307857, LEe=45.659263888136984,
Fq_mol=0.0084597922439594523, Fqt_mol=0.0074183760738747448,
Fqe_mol=0.0010414161700847086, Fc_mol=-1.2449326336251051e-05,
Fcp_mol=-2.6813712041559302e-05, Fcr_mol=1.4364385705308252e-05)
