>>> out['fluxes']
Fluxes(Fq=0.00015241161706717351, Fqt=0.00013364946334527169,
Fqe=1.8762153721901827e-05, Fc=-5.4789485205840868e-07,
Fcp=-1.1800714669344056e-06, Fcr=6.3217661487599696e-07,
LE=370.90636539121556, LEt=325.24710149904928, LEe=45.659263892166308,
Fq_mol=0.0084597922439594523, Fqt_mol=0.0074183760737828426,
Fqe_mol=0.0010414161701766112, Fc_mol=-1.2449326336251051e-05,
Fcp_mol=-2.6813712041227123e-05, Fcr_mol=1.4364385704976074e-05)
