>>> out['fluxes']
Fluxes(Fq=0.00015241161706717351, Fqt=0.00013691874094060491,
Fqe=1.5492876126568606e-05, Fc=-5.4789485205840868e-07,
Fcp=-1.0794088253889651e-06, Fcr=5.3151397333055639e-07,
LE=370.90636539121556, LEt=333.20316084461439, LEe=37.703204546601192,
Fq_mol=0.0084597922439594523, Fqt_mol=0.0075998413044296685,
Fqe_mol=0.00085995093952978498, Fc_mol=-1.2449326336251051e-05,
Fcp_mol=-2.4526444566893097e-05, Fcr_mol=1.2077118230642044e-05)
